1 0 0
2 1 0
3 2 1
4 4 2
5 5 5
6 7 6
7 8 12
8 9 17
9 10 23
10 12 26
11 14 27
12 16 28
13 17 32
14 19 37
15 20 43
16 22 47
17 24 48
18 26 58
19 27 70
20 28 84
21 30 90
22 32 94
23 33 103
24 35 107
25 37 108
26 39 123
27 41 130
28 43 132
29 44 154
30 46 155
31 47 184
32 48 198
33 49 217
34 50 250
35 52 262
36 53 293
37 55 307
38 56 337
39 58 364
40 59 396
41 61 412
42 63 443
43 64 481
44 65 521
45 66 557
46 67 582
47 68 611
48 69 634
49 70 656
50 72 671
51 74 672
52 76 673
53 77 695
54 79 710
55 81 711
56 83 714
57 84 749
58 86 754
59 87 764
60 89 795
61 91 796
62 92 831
63 94 833
64 96 846
65 97 876
66 99 930
67 101 940
68 102 995
69 104 997
70 106 1055
71 107 1123
72 109 1147
73 111 1170
74 113 1209
75 114 1253
76 115 1326
77 117 1378
78 118 1443
79 120 1473
80 121 1528
81 122 1598
82 124 1615
83 125 1666
84 127 1727
85 129 1733
86 131 1734
87 132 1801
88 134 1851
89 136 1859
90 137 1919
91 139 1945
92 141 1981
93 143 1995
94 145 2010
95 146 2066
96 148 2099
97 149 2155
98 151 2215
99 153 2234
100 154 2306
101 155 2356
102 157 2405
103 159 2436
104 161 2476
105 163 2505
106 165 2553
107 166 2605
108 168 2625
109 169 2666
110 171 2728
111 172 2832
112 174 2848
113 175 2894
114 177 2934
115 178 2988
116 179 3051
117 180 3148
118 182 3182
119 183 3236
120 185 3252
121 186 3297
122 188 3303
123 189 3326
124 190 3386
125 191 3459
126 192 3562
127 194 3626
128 195 3735
129 196 3838
130 198 3852
131 199 3904
132 201 3925
133 202 4043
134 203 4168
135 205 4196
136 206 4325
137 207 4450
138 209 4480
139 210 4603
140 212 4634
141 213 4736
142 214 4850
143 216 4921
144 218 4926
145 219 4933
146 221 4943
147 222 4973
148 224 5043
149 226 5104
150 228 5231
151 230 5262
152 232 5340
153 234 5371
154 236 5483
155 238 5502
156 240 5575
157 242 5619
158 243 5743
159 245 5838
160 247 5979
161 249 6112
162 251 6123
163 252 6247
164 253 6383
165 255 6453
166 257 6467
167 258 6535
168 260 6569
169 261 6719
170 263 6842
171 265 6878
172 267 7004
173 269 7036
174 271 7157
175 273 7190
176 275 7253
177 277 7257
178 279 7340
179 280 7498
180 282 7567
181 283 7731
182 285 7839
183 287 7892
184 289 7940
185 290 8040
186 292 8113
187 293 8220
188 295 8302
189 296 8396
190 298 8449
191 299 8527
192 301 8631
193 302 8814
194 304 8929
195 305 9068
196 306 9212
197 308 9334
198 310 9348
199 311 9504
200 313 9589
201 315 9591
202 317 9678
203 319 9703
204 320 9862
205 322 9967
206 323 10108
207 324 10251
208 325 10352
209 326 10471
210 328 10505
211 330 10539
212 331 10720
213 332 10901
214 333 10974
215 335 10996
216 337 11042
217 338 11176
218 340 11279
219 342 11285
220 344 11406
221 346 11413
222 348 11456
223 349 11607
224 350 11766
225 352 11768
226 354 11940
227 356 12047
228 357 12219
229 359 12241
230 361 12260
231 362 12429
232 364 12446
233 365 12588
234 367 12664
235 369 12733
236 370 12907
237 371 13137
238 372 13325
239 374 13379
240 375 13481
241 376 13600
242 378 13640
243 379 13715
244 380 13836
245 382 13839
246 383 14007
247 385 14124
248 387 14213
249 388 14335
250 390 14443
251 392 14503
252 394 14528
253 395 14611
254 397 14651
255 399 14673
256 401 14849
257 403 14941
258 405 15021
259 406 15275
260 408 15295
261 410 15301
262 412 15508
263 414 15705
264 416 15941
265 418 16142
266 420 16296
267 422 16388
268 424 16537
269 425 16744
270 427 16873
271 429 16939
272 430 17208
273 432 17342
274 434 17546
275 436 17711
276 438 17913
277 439 18145
278 440 18420
279 442 18497
280 444 18658
281 446 18771
282 448 18888
283 450 18896
284 452 18930
285 453 19142
286 454 19345
287 455 19620
288 456 19713
289 457 19745
290 459 19768
291 460 19970
292 461 20192
293 462 20344
294 464 20384
295 465 20612
296 466 20905
297 468 20916
298 470 21034
299 471 21279
300 473 21461
301 475 21523
302 476 21787
303 478 21984
304 480 22056
305 481 22329
306 483 22542
307 485 22704
308 487 22783
309 488 23037
310 490 23050
311 491 23358
312 493 23379
313 494 23552
314 496 23754
315 498 23907
316 500 24141
317 502 24211
318 504 24484
319 505 24788
320 507 24947
321 508 25165
322 510 25257
323 512 25345
324 514 25549
325 516 25596
326 518 25832
327 520 26066
328 521 26302
329 523 26395
330 525 26487
331 527 26555
332 528 26790
333 529 26963
334 531 27033
335 532 27367
336 534 27406
337 535 27739
338 537 27993
339 538 28302
340 540 28422
341 542 28494
342 544 28563
343 545 28826
344 547 29096
345 549 29333
346 551 29412
347 552 29566
348 554 29690
349 555 30000
350 557 30152
351 559 30190
352 561 30201
353 562 30473
354 564 30718
355 566 30723
356 568 30985
357 569 31287
358 570 31523
359 572 31695
360 574 32000
361 576 32129
362 578 32301
363 580 32425
364 582 32547
365 583 32804
366 584 33110
367 586 33115
368 587 33373
369 588 33589
370 589 33854
371 591 34053
372 593 34230
373 594 34576
374 596 34625
375 598 34660
376 599 34885
377 601 34960
378 603 35176
379 605 35337
380 606 35540
381 607 35851
382 608 36147
383 610 36278
384 612 36423
385 613 36637
386 615 36916
387 616 37293
388 617 37672
389 619 37928
390 621 38163
391 622 38435
392 624 38478
393 625 38704
394 627 38888
395 629 39004
396 631 39061
397 632 39451
398 634 39508
399 635 39660
400 636 39978
401 638 40137
402 640 40312
403 642 40473
404 644 40545
405 645 40822
406 646 41195
407 647 41582
408 649 41674
409 650 41925
410 652 41925
411 653 42268
412 654 42584
413 655 42991
414 657 43094
415 658 43325
416 659 43575
417 660 43954
418 661 44325
419 663 44418
420 664 44540
421 665 44822
422 667 45010
423 668 45228
424 669 45599
425 671 45818
426 672 46177
427 673 46532
428 675 46624
429 676 46858
430 677 47127
431 678 47290
432 680 47546
433 681 47879
434 683 48013
435 684 48294
436 685 48569
437 686 48924
438 688 49155
439 689 49517
440 690 49857
441 691 50248
442 692 50571
443 694 50671
444 695 51005
445 696 51328
446 698 51573
447 699 51922
448 701 52080
449 702 52262
450 704 52283
451 705 52387
452 707 52595
453 708 52992
454 710 53182
455 711 53427
456 713 53441
457 714 53733
458 715 54044
459 717 54051
460 719 54307
461 721 54540
462 723 54706
463 724 54982
464 725 55443
465 727 55695
466 728 56154
467 730 56560
468 732 56697
469 733 56932
470 735 57146
471 737 57200
472 739 57539
473 741 57822
474 743 58184
475 744 58574
476 746 58785
477 747 59025
478 748 59405
479 749 59845
480 750 60284
481 752 60460
482 754 60528
483 755 60886
484 756 61053
485 757 61297
486 759 61401
487 761 61495
488 762 61873
489 763 62092
490 765 62128
491 766 62551
492 768 62715
493 769 62974
494 770 63357
495 771 63728
496 772 64010
497 773 64305
498 774 64787
499 776 64955
500 777 65348
501 779 65356
502 781 65369
503 782 65497
504 784 65514
505 785 65830
506 787 65938
507 789 66042
508 790 66532
509 791 66901
510 793 66940
511 794 67115
512 796 67167
513 798 67181
514 800 67358
515 801 67758
516 803 68211
517 805 68264
518 806 68581
519 807 68907
520 808 69377
521 809 69459
522 811 69575
523 813 69664
524 815 69700
525 817 69724
526 819 69796
527 820 69902
528 822 70094
529 823 70384
530 825 70525
531 827 70535
532 828 70876
533 829 71305
534 831 71556
535 832 72019
536 834 72254
537 835 72512
538 837 72895
539 838 73282
540 840 73340
541 841 73831
542 843 74253
543 845 74580
544 847 75048
545 848 75570
546 850 75805
547 852 75891
548 853 76299
549 855 76378
550 857 76432
551 858 76673
552 859 77199
553 861 77575
554 863 77715
555 864 78041
556 866 78102
557 867 78180
558 869 78368
559 870 78822
560 872 79028
561 873 79305
562 875 79633
563 876 80099
564 877 80641
565 879 80844
566 881 81144
567 883 81261
568 884 81718
569 886 82002
570 887 82508
571 888 83038
572 890 83368
573 891 83793
574 892 84103
575 893 84462
576 894 84936
577 896 84959
578 898 85044
579 899 85398
580 900 85868
581 902 86035
582 904 86386
583 906 86569
584 908 86580
585 909 86987
586 911 87333
587 912 87761
588 913 88337
589 915 88687
590 917 88932
591 919 89025
592 920 89504
593 921 90020
594 923 90415
595 924 90826
596 926 90875
597 927 90937
598 929 90997
599 930 91493
600 932 91812
601 934 92026
602 936 92359
603 938 92423
604 940 92753
605 941 93251
606 942 93702
607 943 94261
608 945 94578
609 947 94876
610 949 95143
611 951 95200
612 953 95473
613 954 95883
614 956 96080
615 957 96674
616 958 97213
617 960 97530
618 962 97712
619 964 97719
620 966 98148
621 968 98263
622 970 98489
623 971 98784
624 973 98868
625 974 99157
626 976 99414
627 978 99495
628 980 99620
629 981 100248
630 983 100578
631 984 100916
632 986 101322
633 988 101430
634 990 101598
635 992 101735
636 994 102043
637 996 102258
638 998 102302
639 999 102496
640 1000 103026
641 1002 103430
642 1004 103603
643 1006 103766
644 1007 104000
645 1009 104147
646 1011 104603
647 1012 105086
648 1013 105663
649 1015 105694
650 1017 106164
651 1018 106699
652 1019 107201
653 1021 107345
654 1022 107840
655 1024 108293
656 1026 108550
657 1027 108903
658 1029 108995
659 1030 109193
660 1031 109570
661 1032 110020
662 1033 110588
663 1034 111172
664 1036 111283
665 1037 111706
666 1038 112274
667 1040 112615
668 1042 113074
669 1043 113621
670 1045 113691
671 1046 114210
672 1048 114224
673 1049 114275
674 1051 114390
675 1052 114506
676 1054 114994
677 1056 115166
678 1058 115255
679 1059 115527
680 1061 115532
681 1062 115983
682 1064 116193
683 1066 116195
684 1068 116363
685 1069 116755
686 1071 117171
687 1073 117366
688 1075 117883
689 1076 118514
690 1078 118986
691 1079 119671
692 1081 119701
693 1082 120272
694 1084 120431
695 1086 120460
696 1088 120690
697 1089 121340
698 1091 121412
699 1092 122034
700 1094 122055
701 1095 122321
702 1096 122765
703 1097 123018
704 1099 123134
705 1100 123689
706 1102 123976
707 1103 124496
708 1105 124834
709 1106 125503
710 1108 125710
711 1109 126246
712 1110 126948
713 1112 127252
714 1114 127635
715 1116 127810
716 1117 128357
717 1119 128791
718 1121 129105
719 1123 129393
720 1125 129893
721 1127 129899
722 1129 130293
723 1130 130981
724 1132 131022
725 1133 131491
726 1135 131899
727 1136 132613
728 1138 132857
729 1139 133204
730 1141 133228
731 1142 133864
732 1144 134025
733 1146 134039
734 1148 134247
735 1150 134438
736 1152 134783
737 1153 135493
738 1154 136056
739 1155 136712
740 1157 137096
741 1158 137535
742 1160 137576
743 1161 137745
744 1163 137770
745 1164 138332
746 1165 138878
747 1167 138935
748 1169 138950
749 1170 139609
750 1171 140275
751 1172 140830
752 1173 141550
753 1174 142108
754 1176 142125
755 1177 142195
756 1179 142430
757 1181 142452
758 1183 142542
759 1184 143203
760 1186 143217
761 1187 143359
762 1189 143807
763 1191 143998
764 1193 144301
765 1194 144629
766 1196 145350
767 1198 145630
768 1199 146088
769 1201 146090
770 1203 146179
771 1204 146811
772 1206 147291
773 1208 147609
774 1210 147664
775 1211 147839
776 1213 148152
777 1215 148171
778 1216 148802
779 1218 149185
780 1220 149605
781 1222 149651
782 1224 149988
783 1226 149988
784 1228 150301
785 1229 151022
786 1231 151152
787 1232 151907
788 1233 152657
789 1234 153044
790 1235 153764
791 1237 154392
792 1239 154693
793 1240 155406
794 1241 156008
795 1242 156545
796 1244 156789
797 1246 156934
798 1248 157402
799 1249 158086
800 1250 158777
801 1251 159322
802 1252 159983
803 1253 160503
804 1254 161215
805 1255 161648
806 1257 161804
807 1258 162050
808 1260 162215
809 1261 162403
810 1263 163143
811 1264 163924
812 1266 164036
813 1267 164426
814 1269 164642
815 1271 164729
816 1272 165465
817 1274 165663
818 1276 166068
819 1278 166337
820 1280 166468
821 1281 167065
822 1283 167411
823 1284 168133
824 1286 168456
825 1288 168503
826 1290 168631
827 1292 168706
828 1294 168850
829 1295 169187
830 1296 169911
831 1298 169915
832 1300 169977
833 1301 170741
834 1303 171043
835 1305 171288
836 1306 172044
837 1308 172163
838 1309 172648
839 1310 172939
840 1311 173606
841 1313 173626
842 1314 174397
843 1316 174566
844 1318 174935
845 1319 175429
846 1321 175856
847 1323 176153
848 1325 176223
849 1326 176955
850 1328 177365
851 1330 177487
852 1331 178262
853 1333 178622
854 1334 179094
855 1336 179224
856 1338 179384
857 1340 179530
858 1342 179830
859 1343 180530
860 1344 180958
861 1346 181150
862 1348 181275
863 1349 181659
864 1351 181889
865 1352 182587
866 1353 183442
867 1355 183600
868 1357 183922
869 1358 184724
870 1360 185141
871 1362 185548
872 1364 185623
873 1365 186029
874 1367 186397
875 1368 187097
876 1370 187790
877 1372 188368
878 1374 188844
879 1375 189671
880 1377 190120
881 1379 190158
882 1381 190677
883 1382 191299
884 1383 191947
885 1384 192695
886 1386 193326
887 1388 193891
888 1390 194332
889 1391 194887
890 1392 195509
891 1393 196398
892 1394 197111
893 1396 197159
894 1398 197465
895 1399 198158
896 1400 198918
897 1401 199756
898 1403 200486
899 1405 200596
900 1406 200994
901 1407 201894
902 1409 202515
903 1411 202631
904 1413 203269
905 1415 203314
906 1417 203997
907 1419 204091
908 1420 204954
909 1422 205383
910 1423 206069
911 1424 206697
912 1425 207420
913 1426 208096
914 1427 208975
915 1429 209250
916 1431 209419
917 1432 210198
918 1434 210224
919 1435 210691
920 1436 211604
921 1438 211611
922 1440 212181
923 1441 212944
924 1443 213268
925 1444 213907
926 1446 214756
927 1448 214769
928 1450 215276
929 1452 215368
930 1454 216080
931 1456 216540
932 1458 217125
933 1459 217971
934 1460 218820
935 1462 218938
936 1464 219239
937 1465 220008
938 1466 220679
939 1467 221593
940 1469 221850
941 1470 222481
942 1472 223059
943 1474 223302
944 1476 223913
945 1477 224680
946 1479 225209
947 1480 225786
948 1482 226325
949 1484 226778
950 1485 227413
951 1487 227565
952 1488 228339
953 1489 228963
954 1490 229873
955 1492 230449
956 1494 230743
957 1496 230861
958 1498 231496
959 1500 231508
960 1501 231996
961 1502 232849
962 1504 232953
963 1505 233119
964 1507 233326
965 1508 234125
966 1510 234234
967 1511 234979
968 1513 235142
969 1515 235271
970 1516 236086
971 1518 236127
972 1519 236732
973 1520 237302
974 1522 237632
975 1523 238424
976 1524 238970
977 1525 239692
978 1527 239734
979 1528 240598
980 1530 240787
981 1532 240893
982 1533 241863
983 1535 242087
984 1536 243037
985 1537 243561
986 1539 243568
987 1540 244498
988 1542 244828
989 1543 245662
990 1545 246154
991 1547 246470
992 1548 247279
993 1550 247555
994 1552 247632
995 1553 247802
996 1555 248487
997 1556 249389
998 1558 249756
999 1559 250550
1000 1561 250648
