1 0 0
2 1 1
3 2 3
4 3 5
5 5 7
6 6 12
7 8 14
8 9 21
9 10 29
10 11 37
11 13 38
12 14 44
13 15 50
14 17 55
15 19 62
16 21 64
17 23 70
18 25 76
19 27 76
20 28 94
21 30 99
22 31 117
23 33 129
24 35 136
25 36 158
26 38 165
27 40 169
28 42 169
29 44 189
30 45 218
31 47 225
32 48 247
33 50 262
34 51 281
35 53 287
36 54 301
37 55 334
38 57 348
39 59 371
40 61 391
41 63 391
42 64 400
43 66 420
44 67 449
45 68 491
46 69 528
47 71 535
48 72 550
49 74 553
50 76 556
51 78 583
52 79 626
53 81 634
54 82 670
55 83 705
56 84 747
57 86 791
58 87 847
59 89 872
60 90 914
61 92 933
62 93 956
63 94 1018
64 96 1022
65 98 1034
66 99 1094
67 101 1097
68 102 1114
69 104 1118
70 105 1139
71 106 1198
72 108 1227
73 110 1237
74 111 1266
75 113 1321
76 115 1351
77 117 1367
78 118 1437
79 120 1437
80 121 1464
81 123 1527
82 125 1538
83 126 1593
84 127 1663
85 129 1664
86 130 1677
87 132 1724
88 133 1796
89 135 1847
90 137 1860
91 139 1880
92 140 1935
93 142 1949
94 143 2012
95 145 2038
96 146 2069
97 148 2099
98 149 2196
99 150 2272
100 151 2354
101 151 2427
102 151 2451
103 151 2486
104 151 2540
105 151 2640
106 151 2692
107 151 2785
108 151 2866
109 151 2914
110 151 2991
111 151 3075
112 151 3120
113 151 3203
114 151 3232
115 151 3267
116 151 3321
117 151 3322
118 151 3339
119 151 3360
120 151 3397
121 151 3442
122 151 3473
123 151 3516
124 151 3566
125 151 3656
126 151 3752
127 151 3854
128 151 3891
129 151 3941
130 151 3977
131 151 4070
132 151 4131
133 151 4189
134 151 4235
135 151 4304
136 151 4379
137 151 4481
138 151 4581
139 151 4675
140 151 4742
141 151 4857
142 151 4964
143 151 5084
144 151 5106
145 151 5181
146 151 5207
147 151 5302
148 151 5401
149 151 5441
150 151 5460
151 151 5476
152 151 5607
153 151 5709
154 151 5768
155 151 5915
156 151 5954
157 151 6106
158 151 6136
159 151 6268
160 151 6294
161 151 6297
162 151 6300
163 151 6451
164 151 6488
165 151 6515
166 151 6625
167 151 6728
168 151 6760
169 151 6896
170 151 7028
171 151 7090
172 151 7260
173 151 7375
174 151 7465
175 151 7476
176 151 7594
177 151 7661
178 151 7696
179 151 7735
180 151 7843
181 151 7849
182 151 7941
183 151 8046
184 151 8114
185 151 8165
186 151 8231
187 151 8279
188 151 8406
189 151 8454
190 151 8512
191 151 8619
192 151 8757
193 151 8806
194 151 8826
195 151 8963
196 151 9067
197 151 9131
198 151 9284
199 151 9290
200 151 9331
201 151 9426
202 151 9585
203 151 9612
204 151 9721
205 151 9764
206 151 9832
207 151 10032
208 151 10165
209 151 10224
210 151 10394
211 151 10589
212 151 10675
213 151 10725
214 151 10827
215 151 10967
216 151 10976
217 151 11184
218 151 11309
219 151 11514
220 151 11587
221 151 11671
222 151 11878
223 151 11920
224 151 12083
225 151 12275
226 151 12351
227 151 12542
228 151 12716
229 151 12799
230 151 12901
231 151 12936
232 151 12944
233 151 13172
234 151 13395
235 151 13526
236 151 13707
237 151 13890
238 151 14100
239 151 14190
240 151 14414
241 151 14564
242 151 14677
243 151 14738
244 151 14811
245 151 15048
246 151 15270
247 151 15285
248 151 15357
249 151 15465
250 151 15577
251 151 15748
252 151 15760
253 151 15911
254 151 16041
255 151 16224
256 151 16406
257 151 16422
258 151 16509
259 151 16696
260 151 16770
261 151 17001
262 151 17186
263 151 17346
264 151 17493
265 151 17571
266 151 17757
267 151 17957
268 151 18054
269 151 18203
270 151 18408
271 151 18641
272 151 18902
273 151 19134
274 151 19329
275 151 19339
276 151 19436
277 151 19527
278 151 19756
279 151 19827
280 151 19852
281 151 19992
282 151 20076
283 151 20231
284 151 20449
285 151 20677
286 151 20821
287 151 20954
288 151 21119
289 151 21212
290 151 21473
291 151 21606
292 151 21756
293 151 21810
294 151 21884
295 151 21931
296 151 21943
297 151 22110
298 151 22178
299 151 22324
300 151 22583
301 151 22797
302 151 23080
303 151 23157
304 151 23241
305 151 23319
306 151 23607
307 151 23879
308 151 24100
309 151 24317
310 151 24545
311 151 24674
312 151 24758
313 151 24902
314 151 24949
315 151 25029
316 151 25144
317 151 25456
318 151 25711
319 151 25835
320 151 26131
321 151 26232
322 151 26443
323 151 26479
324 151 26689
325 151 26839
326 151 27126
327 151 27342
328 151 27512
329 151 27755
330 151 28022
331 151 28055
332 151 28263
333 151 28404
334 151 28512
335 151 28686
336 151 28841
337 151 28880
338 151 29000
339 151 29039
340 151 29129
341 151 29456
342 151 29780
343 151 30057
344 151 30236
345 151 30567
346 151 30589
347 151 30661
348 151 30716
349 151 30870
350 151 31098
351 151 31170
352 151 31321
353 151 31651
354 151 31996
355 151 32284
356 151 32547
357 151 32697
358 151 33004
359 151 33105
360 151 33214
361 151 33477
362 151 33695
363 151 33946
364 151 34241
365 151 34521
366 151 34613
367 151 34834
368 151 35111
369 151 35438
370 151 35741
371 151 35923
372 151 35969
373 151 36153
374 151 36155
375 151 36249
376 151 36298
377 151 36625
378 151 36724
379 151 37080
380 151 37218
381 151 37407
382 151 37448
383 151 37479
384 151 37498
385 151 37532
386 151 37567
387 151 37903
388 151 38053
389 151 38216
390 151 38556
391 151 38795
392 151 39152
393 151 39245
394 151 39442
395 151 39764
396 151 40113
397 151 40150
398 151 40426
399 151 40508
400 151 40842
401 151 41047
402 151 41377
403 151 41511
404 151 41874
405 151 42200
406 151 42593
407 151 42913
408 151 43154
409 151 43459
410 151 43824
411 151 43902
412 151 44018
413 151 44260
414 151 44445
415 151 44700
416 151 45072
417 151 45183
418 151 45298
419 151 45450
420 151 45741
421 151 45928
422 151 46083
423 151 46132
424 151 46378
425 151 46467
426 151 46539
427 151 46664
428 151 46759
429 151 46819
430 151 47172
431 151 47334
432 151 47445
433 151 47790
434 151 48049
435 151 48311
436 151 48377
437 151 48428
438 151 48726
439 151 49153
440 151 49334
441 151 49578
442 151 49718
443 151 50134
444 151 50270
445 151 50280
446 151 50593
447 151 50645
448 151 51085
449 151 51158
450 151 51442
451 151 51789
452 151 52064
453 151 52353
454 151 52517
455 151 52689
456 151 52713
457 151 52900
458 151 52988
459 151 53106
460 151 53138
461 151 53591
462 151 53845
463 151 54189
464 151 54243
465 151 54459
466 151 54692
467 151 55032
468 151 55048
469 151 55049
470 151 55417
471 151 55702
472 151 56082
473 151 56351
474 151 56626
475 151 56827
476 151 56829
477 151 56959
478 151 57112
479 151 57587
480 151 57829
481 151 58027
482 151 58413
483 151 58823
484 151 59111
485 151 59399
486 151 59772
487 151 59930
488 151 60264
489 151 60304
490 151 60613
491 151 60973
492 151 61104
493 151 61435
494 151 61771
495 151 61936
496 151 62277
497 151 62702
498 151 63106
499 151 63207
500 151 63355
501 151 63498
502 151 63804
503 151 64098
504 151 64449
505 151 64471
506 151 64814
507 151 65089
508 151 65530
509 151 65878
510 151 66077
511 151 66276
512 151 66288
513 151 66406
514 151 66410
515 151 66440
516 151 66656
517 151 67083
518 151 67102
519 151 67453
520 151 67866
521 151 67890
522 151 68154
523 151 68242
524 151 68762
525 151 69124
526 151 69547
527 151 69867
528 151 70310
529 151 70743
530 151 70948
531 151 71402
532 151 71786
533 151 72287
534 151 72739
535 151 73039
536 151 73540
537 151 73763
538 151 74094
539 151 74253
540 151 74265
541 151 74566
542 151 74845
543 151 75371
544 151 75554
545 151 75745
546 151 76161
547 151 76503
548 151 76538
549 151 76900
550 151 77201
551 151 77731
552 151 78180
553 151 78685
554 151 78992
555 151 79009
556 151 79216
557 151 79744
558 151 79974
559 151 80364
560 151 80677
561 151 80801
562 151 80936
563 151 81330
564 151 81348
565 151 81514
566 151 81966
567 151 82031
568 151 82078
569 151 82412
570 151 82634
571 151 83146
572 151 83362
573 151 83706
574 151 84278
575 151 84530
576 151 84822
577 151 85221
578 151 85667
579 151 86236
580 151 86454
581 151 86923
582 151 87266
583 151 87584
584 151 87587
585 151 87706
586 151 88279
587 151 88680
588 151 88722
589 151 88970
590 151 89048
591 151 89422
592 151 89854
593 151 89876
594 151 90000
595 151 90374
596 151 90569
597 151 90739
598 151 91010
599 151 91334
600 151 91761
601 151 92211
602 151 92551
603 151 92948
604 151 93536
605 151 93990
606 151 94559
607 151 95123
608 151 95317
609 151 95352
610 151 95681
611 151 96167
612 151 96419
613 151 96869
614 151 97177
615 151 97182
616 151 97540
617 151 97757
618 151 98234
619 151 98296
620 151 98719
621 151 99282
622 151 99441
623 151 99464
624 151 99710
625 151 99864
626 151 100437
627 151 101003
628 151 101497
629 151 101746
630 151 101807
631 151 102094
632 151 102395
633 151 102517
634 151 103066
635 151 103237
636 151 103637
637 151 103788
638 151 104010
639 151 104465
640 151 104981
641 151 104996
642 151 105391
643 151 105946
644 151 106292
645 151 106913
646 151 107273
647 151 107406
648 151 107819
649 151 108002
650 151 108441
651 151 108564
652 151 108572
653 151 109034
654 151 109293
655 151 109505
656 151 109591
657 151 109777
658 151 110294
659 151 110876
660 151 110955
661 151 111352
662 151 111770
663 151 112120
664 151 112703
665 151 112986
666 151 113016
667 151 113362
668 151 113836
669 151 114311
670 151 114769
671 151 115222
672 151 115422
673 151 115607
674 151 116151
675 151 116411
676 151 116849
677 151 117271
678 151 117885
679 151 118449
680 151 119086
681 151 119501
682 151 119657
683 151 120072
684 151 120649
685 151 121128
686 151 121630
687 151 121913
688 151 122600
689 151 122733
690 151 123276
691 151 123605
692 151 124036
693 151 124521
694 151 125069
695 151 125153
696 151 125401
697 151 125880
698 151 126413
699 151 126638
700 151 127067
701 151 127625
702 151 127964
703 151 128587
704 151 128974
705 151 129093
706 151 129458
707 151 129543
708 151 130112
709 151 130174
710 151 130218
711 151 130311
712 151 130328
713 151 130861
714 151 131529
715 151 131676
716 151 132267
717 151 132753
718 151 132880
719 151 133329
720 151 133907
721 151 134580
722 151 135085
723 151 135165
724 151 135471
725 151 135869
726 151 136352
727 151 136793
728 151 137386
729 151 137712
730 151 138087
731 151 138292
732 151 138744
733 151 138997
734 151 139074
735 151 139074
736 151 139503
737 151 139682
738 151 139759
739 151 139926
740 151 140413
741 151 140839
742 151 141266
743 151 141284
744 151 141756
745 151 141788
746 151 141976
747 151 142237
748 151 142733
749 151 143010
750 151 143346
751 151 143841
752 151 144187
753 151 144681
754 151 144859
755 151 145540
756 151 146103
757 151 146121
758 151 146553
759 151 147107
760 151 147425
761 151 148071
762 151 148326
763 151 149002
764 151 149455
765 151 150146
766 151 150382
767 151 150922
768 151 151296
769 151 151376
770 151 151390
771 151 151724
772 151 151929
773 151 152036
774 151 152393
775 151 152891
776 151 153246
777 151 153959
778 151 154150
779 151 154253
780 151 154659
781 151 155360
782 151 155986
783 151 156342
784 151 156413
785 151 156462
786 151 157204
787 151 157957
788 151 158263
789 151 158476
790 151 158532
791 151 159264
792 151 159572
793 151 159753
794 151 160283
795 151 160914
796 151 160917
797 151 161432
798 151 161843
799 151 162161
800 151 162769
801 151 163276
802 151 163416
803 151 163511
804 151 163714
805 151 163803
806 151 164521
807 151 164572
808 151 165311
809 151 165995
810 151 166777
811 151 167578
812 151 167903
813 151 168387
814 151 168539
815 151 168859
816 151 168953
817 151 169442
818 151 169909
819 151 170443
820 151 171096
821 151 171394
822 151 171993
823 151 172566
824 151 173190
825 151 173517
826 151 174308
827 151 174806
828 151 174931
829 151 175551
830 151 175977
831 151 176140
832 151 176634
833 151 177033
834 151 177505
835 151 178180
836 151 178813
837 151 179550
838 151 179709
839 151 180003
840 151 180788
841 151 180903
842 151 181537
843 151 182180
844 151 182784
845 151 183563
846 151 184143
847 151 184331
848 151 185176
849 151 185572
850 151 185761
851 151 186080
852 151 186503
853 151 186670
854 151 187098
855 151 187868
856 151 188507
857 151 189257
858 151 189977
859 151 190211
860 151 190372
861 151 191225
862 151 191902
863 151 192388
864 151 193153
865 151 193698
866 151 194092
867 151 194314
868 151 195066
869 151 195832
870 151 196391
871 151 196788
872 151 197199
873 151 197898
874 151 198114
875 151 198377
876 151 199237
877 151 199817
878 151 199947
879 151 199983
880 151 200226
881 151 200561
882 151 200727
883 151 201002
884 151 201280
885 151 201774
886 151 202430
887 151 203233
888 151 203266
889 151 204153
890 151 204202
891 151 204995
892 151 205323
893 151 205750
894 151 206193
895 151 206326
896 151 206473
897 151 206670
898 151 207136
899 151 207565
900 151 207585
901 151 208269
902 151 208835
903 151 209353
904 151 209800
905 151 209862
906 151 210624
907 151 210810
908 151 211276
909 151 211356
910 151 211764
911 151 211946
912 151 212562
913 151 212947
914 151 213776
915 151 213959
916 151 214033
917 151 214211
918 151 214808
919 151 215682
920 151 216251
921 151 217088
922 151 217536
923 151 218371
924 151 218799
925 151 219073
926 151 219223
927 151 219820
928 151 219931
929 151 220843
930 151 220993
931 151 221738
932 151 222364
933 151 222459
934 151 222766
935 151 223609
936 151 223914
937 151 224076
938 151 224253
939 151 224832
940 151 225672
941 151 226241
942 151 226494
943 151 226726
944 151 227409
945 151 228064
946 151 228360
947 151 228470
948 151 229011
949 151 229035
950 151 229230
951 151 229680
952 151 230563
953 151 230845
954 151 231252
955 151 231504
956 151 232063
957 151 232919
958 151 233559
959 151 234361
960 151 234582
961 151 235150
962 151 235384
963 151 235414
964 151 235778
965 151 236303
966 151 237045
967 151 237345
968 151 237540
969 151 237615
970 151 238379
971 151 239167
972 151 239705
973 151 240373
974 151 240703
975 151 241045
976 151 242010
977 151 242961
978 151 243267
979 151 244141
980 151 244541
981 151 245004
982 151 245712
983 151 246183
984 151 246362
985 151 246790
986 151 247069
987 151 247370
988 151 248004
989 151 248335
990 151 249222
991 151 249478
992 151 249699
993 151 250030
994 151 251009
995 151 251974
996 151 252499
997 151 252584
998 151 253417
999 151 253486
1000 151 254477
